16.015269444444446 108.2508388888889
16.01528888888889 108.25084722222222
16.015280555555556 108.25085555555556
16.015341666666668 108.25095277777778
15.8771 108.32731666666666
16.015280555555556 108.25090833333333
16.01526388888889 108.25077777777778
16.015291666666666 108.25091666666667
16.015255555555555 108.2508388888889
15.877125 108.3272861111111
16.014833333333332 108.25724166666667
16.014844444444446 108.25720277777778
16.014891666666667 108.25720277777778
16.01491111111111 108.25724722222222
16.01492222222222 108.257225
18.790252777777777 105.73342777777778
18.686480555555555 105.69821944444445
18.677733333333332 105.69585555555555
15.877125 108.3272861111111
18.820708333333332 105.72186388888889
18.820697222222222 105.72208333333333
18.820708333333332 105.72207777777778
18.763783333333333 105.75549444444444
18.851183333333335 105.65156666666667
18.851466666666667 105.65152777777777
18.8534 105.65132222222222
18.77523888888889 105.74614722222222
18.776688888888888 105.74565833333334
18.776633333333333 105.74558888888889
16.073877777777778 108.22180277777778
16.029783333333334 108.24216388888888
15.968497222222222 108.26066666666667
16.014872222222223 108.25723333333333
16.014872222222223 108.25719444444445
15.968502777777777 108.26066666666667
10.813966666666667 106.66163611111111
10.942141666666666 108.13948055555555
10.951775 108.2491388888889
10.95143611111111 108.24952777777777
10.698794444444445 107.99263055555555
10.698455555555556 107.992675
10.695230555555556 107.99146388888889
10.695230555555556 107.99146944444445
10.695727777777778 107.99234722222222
10.69513888888889 107.99245555555555
10.695141666666666 107.99246111111111
10.695133333333333 107.99246944444444
10.697108333333333 107.991975
10.748122222222221 108.01543333333333
15.968452777777777 108.260125
10.947427777777778 108.181975
10.947383333333333 108.18195277777778
10.947383333333333 108.18195277777778
10.947475 108.18209722222223
10.947475 108.18209722222223
10.947475 108.18209722222223
15.96845 108.26010833333333
10.947516666666667 108.18222777777778
10.947466666666667 108.18206666666667
10.947472222222222 108.18209166666666
10.947472222222222 108.18209166666666
10.947472222222222 108.18208333333334
10.94748888888889 108.18212777777778
10.94748888888889 108.18212777777778
10.947480555555556 108.18211388888889
10.947463888888889 108.18206666666667
15.96845 108.26010833333333
10.947466666666667 108.18208333333334
10.947466666666667 108.18208333333334
10.939377777777779 108.16478611111111
10.939377777777779 108.16478611111111
10.939241666666666 108.16487777777778
10.939208333333333 108.16487222222223
10.939208333333333 108.16486388888889
10.938941666666667 108.16455
10.938941666666667 108.16455
15.968452777777777 108.2601
11.014333333333333 108.35394166666667
11.014333333333333 108.35394166666667
11.014183333333333 108.353875
11.006797222222222 108.35019722222222
11.006797222222222 108.35019722222222
16.01518888888889 108.25097777777778
16.01483888888889 108.2572111111111
16.014805555555554 108.257225
16.014808333333335 108.25723333333333
18.667402777777777 105.66930277777777
18.667805555555557 105.6692361111111
16.01521388888889 108.25100833333333
18.729897222222224 105.6832888888889
18.72988611111111 105.68329722222222
18.729894444444444 105.68327222222223
18.729891666666667 105.68324166666666
18.7299 105.68322777777777
18.72983888888889 105.683075
18.729930555555555 105.68315833333334
18.729927777777778 105.68315833333334
18.729905555555554 105.683075
18.729783333333334 105.683
16.015202777777777 108.25070277777778
18.729916666666668 105.68316666666666
18.729916666666668 105.68316666666666
18.76908611111111 105.75959722222223
18.769080555555554 105.75958888888889
18.76378888888889 105.75537777777778
18.763619444444444 105.75546388888888
16.065752777777778 108.22367777777778
16.065675 108.223725
16.01521388888889 108.25068611111111
16.065672222222222 108.22371666666666
15.968741666666666 108.26063611111111
16.015158333333332 108.25078611111111
18.763738888888888 105.75537777777778
18.76373611111111 105.75537777777778
18.763716666666667 105.75540833333334
18.76368888888889 105.75540277777777
16.108191666666666 108.3084638888889
16.015219444444444 108.25071666666666
16.01521111111111 108.25070833333334
16.07383888888889 108.22168611111111
16.014819444444445 108.25718055555555
16.1018 108.283425
16.01521111111111 108.25071666666666
16.101708333333335 108.28337222222223
16.100816666666667 108.28314166666667
16.100825 108.28314166666667
16.01482777777778 108.25689722222222
16.015202777777777 108.25109166666667
16.06940277777778 108.22343333333333
16.045941666666668 108.22758611111111
16.061877777777777 108.22209166666667
18.763694444444443 105.75546944444444
18.798247222222223 105.73056666666666
18.755219444444446 105.74074444444445
18.96 105.52586388888889
18.77348611111111 105.75473055555555
18.74221111111111 105.75795833333333
18.76900277777778 105.75998611111112
18.76902777777778 105.760025
18.76907222222222 105.75974166666667
16.075105555555556 108.20240833333334
16.061888888888888 108.22211388888888
16.05804722222222 108.22316666666667
16.069630555555555 108.21048611111111
16.474291666666666 107.59556666666667
16.014791666666667 108.25724722222222
18.769644444444445 105.75213611111111
18.762305555555557 105.75611944444445
18.76231111111111 105.75610277777778
18.762325 105.75605
18.762386111111113 105.75600555555556
18.762352777777778 105.75610277777778
18.762416666666667 105.75611111111111
18.762419444444443 105.75611944444445
18.76236111111111 105.75609722222222
18.759430555555557 105.74733055555555
18.759402777777776 105.74726111111111
15.968530555555555 108.26061944444444
16.049211111111113 108.23754166666667
16.049222222222223 108.23753333333333
16.162583333333334 108.107475
18.686894444444444 105.68201388888889
18.765327777777777 105.75921666666666
18.765325 105.7592
16.05034722222222 108.20205
16.467683333333333 107.57990555555556
16.449672222222222 107.54738333333333
16.088869444444445 108.15342777777778
15.875083333333333 108.33933888888889
15.875086111111111 108.33933888888889
15.874966666666667 108.34168888888888
16.45894722222222 107.56192777777778
16.458941666666668 107.56192777777778
16.458944444444445 107.56189722222223
16.458969444444445 107.56188888888889
16.458983333333332 107.56184444444445
16.45893611111111 107.56186666666666
16.458938888888888 107.56189722222223
16.458972222222222 107.561875
15.981377777777778 108.26090277777777
16.063022222222223 108.21943611111111
15.995097222222222 108.2743611111111
16.460569444444445 107.58178055555555
16.460316666666667 107.58181666666667
16.416433333333334 107.62690833333333
16.416433333333334 107.62690833333333
16.416433333333334 107.62690833333333
16.38415277777778 107.59377222222223
16.38415277777778 107.59377222222223
16.38415277777778 107.59377222222223
16.423869444444446 107.56787222222222
15.980527777777779 107.68500555555555
15.980527777777779 107.68500555555555
11.943911111111111 108.43505
11.943938888888889 108.46924722222222
16.460916666666666 107.55947777777777
16.46093888888889 107.55947777777777
11.890055555555556 108.41470277777778
13.742677777777779 108.15358611111111
13.815227777777778 108.1419138888889
16.074655555555555 108.10165277777777
16.253363888888888 107.99033333333334
16.252475 107.99116388888889
16.044552777777778 108.1793611111111
11.938733333333333 108.44423611111111
11.938719444444445 108.44422777777778
16.4612 107.589425
16.4612 107.58982777777777
16.4612 107.58982777777777
16.461441666666666 107.58976111111112
16.46165 107.58968333333333
16.044455555555555 108.17927777777778
14.0610335 108.08724069444445
16.04443427777778 108.16985358333334
16.069797694444443 108.17976938888889
15.967616666666666 108.26075833333333
15.967616666666666 108.26075833333333
15.967316666666667 108.260925
15.977655555555556 108.26241944444445
15.967177777777778 108.26107777777777
15.967186111111111 108.26108611111111
15.967186111111111 108.26108611111111
15.967241666666666 108.26117777777777
15.967241666666666 108.26117777777777
15.96725 108.26118333333334
15.96725 108.26118333333334
16.361283333333333 107.59603055555556
16.361430555555554 107.59605277777777
16.428744444444444 107.48027777777777
16.36195 107.597
16.431808333333333 107.47804166666667
16.361877777777778 107.59690833333333
16.387463888888888 107.57035
16.38751111111111 107.57019722222222
16.387705555555556 107.56873333333333
16.387705555555556 107.56873333333333
16.095316666666665 108.24308055555555
16.09562222222222 108.24257777777778
16.09556111111111 108.24301944444444
16.431819444444443 107.56635277777778
16.095580555555557 108.24298055555556
16.095555555555556 108.24299722222223
16.09556111111111 108.24300277777778
16.09556388888889 108.24301111111112
16.095591666666667 108.24282777777778
16.451805555555556 107.48921111111112
16.451805555555556 107.48921111111112
16.451180555555556 107.48658888888889
16.451180555555556 107.48658888888889
16.451180555555556 107.48658888888889
16.451180555555556 107.48658888888889
16.451194444444443 107.48659444444445
16.09555 108.24284444444444
16.095536111111112 108.2427888888889
16.095519444444445 108.24262222222222
16.451216666666667 107.48658888888889
16.451605555555556 107.48838055555555
16.451605555555556 107.48838055555555
16.09558611111111 108.24296666666666
16.095525 108.24244722222222
16.09558611111111 108.24295
16.095972222222223 108.24300277777778
16.095602777777778 108.24295833333333
16.427875 107.56368888888889
16.42867777777778 107.56408611111111
16.031447222222223 108.25346388888889
16.03821111111111 108.24300277777778
16.031352777777776 108.25350833333333
16.031277777777778 108.253525
16.03123611111111 108.25356944444444
16.4278 107.56305833333333
16.427805555555555 107.5630861111111
16.040777777777777 108.22798888888889
16.040777777777777 108.22798888888889
16.040847222222222 108.22799722222223
16.039141666666666 108.22653333333334
16.040408333333332 108.22795833333333
16.07175833333333 108.2303
16.071658333333332 108.230325
16.07109722222222 108.23076666666667
16.07109722222222 108.23076666666667
16.07161111111111 108.23035555555556
16.071347222222222 108.23060555555556
16.071475 108.23062777777778
16.071169444444443 108.23048333333334
16.07161111111111 108.23048333333334
16.071308333333334 108.2305361111111
16.071319444444445 108.23053055555556
16.071527777777778 108.23058333333333
16.317033333333335 107.98136111111111
16.31652777777778 107.981225
16.316480555555554 107.9812
16.316480555555554 107.9812
16.316480555555554 107.9812
16.316436111111113 107.98118611111111
16.316502777777778 107.98123888888888
16.31649722222222 107.98123888888888
16.032369444444445 108.22855277777778
16.45927222222222 107.57647777777778
16.459369444444444 107.57637777777778
16.07271111111111 108.21996944444444
16.07271111111111 108.21996944444444
16.335408333333334 107.95621388888888
16.040602777777778 108.22297777777777
16.04061388888889 108.22296944444444
16.04082777777778 108.22226666666667
16.040736111111112 108.22298333333333
16.040680555555557 108.22293888888889
16.040875 108.2230388888889
16.0408 108.22305277777778
16.04085277777778 108.2225888888889
16.451722222222223 107.48882222222223
16.451722222222223 107.48882222222223
16.451722222222223 107.48882222222223
16.451266666666665 107.48651944444444
16.451266666666665 107.48651944444444
16.451266666666665 107.48651944444444
16.451266666666665 107.48651944444444
16.463427777777778 107.59468055555556
16.464505555555554 107.5944138888889
16.07313611111111 108.22521111111111
16.07313611111111 108.22521111111111
16.073005555555557 108.22513611111111
16.072630555555556 108.22504444444445
16.105366666666665 108.28939166666666
16.105341666666668 108.289275
16.105161111111112 108.28879444444445
16.10495 108.28795555555556
16.10473888888889 108.287125
16.10456388888889 108.28665833333334
16.104425 108.28632222222222
16.098775 108.280625
16.098708333333335 108.27825277777778
16.098733333333332 108.27793888888888
11.098666666666666 107.047425
16.236144444444445 107.87154444444444
16.235447222222223 107.87177222222222
16.234725 107.87200833333333
16.234794444444443 107.87197777777777
16.23478611111111 107.87198611111111
16.23478611111111 107.87197222222223
11.105955555555555 106.9852138888889
16.234772222222222 107.87197777777777
16.09977222222222 108.27765555555555
16.09988611111111 108.2776638888889
16.099486111111112 108.27645
16.099333333333334 108.27683888888889
16.460816666666666 107.55950833333333
11.106794444444445 106.98600833333333
16.46073611111111 107.55974444444445
15.994213888888888 108.26525833333334
15.994222222222222 108.26526666666666
15.994233333333334 108.26518888888889
15.99423611111111 108.26518888888889
15.994219444444445 108.26519722222223
15.994272222222222 108.26512777777778
16.061858333333333 108.23571111111112
16.06186111111111 108.23571666666666
16.06186111111111 108.23571666666666
11.106786111111111 106.98601666666667
16.06186388888889 108.23571111111112
16.06186388888889 108.23571111111112
16.060458333333333 108.23127777777778
16.06042777777778 108.23126944444445
16.060452777777776 108.23135277777777
15.877344444444445 108.30018611111112
16.065516666666667 108.22008611111112
16.065541666666668 108.22006944444445
16.0655 108.22008611111112
16.072608333333335 108.21990277777778
16.07261111111111 108.21989444444445
16.07261388888889 108.21989444444445
16.072594444444444 108.21990833333334
16.072594444444444 108.21990833333334
16.072547222222223 108.21999444444444
16.072547222222223 108.21999444444444
16.072575 108.21987777777778
16.034394444444445 108.21869722222222
10.778547222222223 106.70201944444445
10.778547222222223 106.70201944444445
10.77893888888889 106.69715277777777
10.77893888888889 106.69715277777777
10.7586 106.68059444444444
10.758561111111112 106.68052777777778
16.075644444444446 108.16983055555555
11.067669444444444 107.02820555555556
10.814961111111112 106.66196388888889
10.815002777777778 106.66189444444444
10.815061111111111 106.66179722222222
16.413463888888888 107.58364166666667
16.413463888888888 107.58364166666667
16.414233333333332 107.58344166666667
16.41422222222222 107.58341944444444
11.067627777777778 107.02821388888889
16.06096388888889 108.22200833333333
16.06097777777778 108.22198611111111
11.067636111111112 107.02819166666667
10.81461111111111 106.66231666666667
16.053219444444444 108.20216388888889
16.053219444444444 108.20225555555555
16.01517777777778 108.25070277777778
16.01516388888889 108.25067777777778
16.049191666666665 108.23732777777778
16.049247222222224 108.22211388888888
16.050763888888888 108.24584166666666
16.0153 108.25078611111111
